122.4
101.1
103.1
102.6
104.3
102.7
102.7
100.3
101.8
126.9
149.3
126.3
114.7
118.6
124.7
122.8
115.3
114.1
119
120.5
117.7
120.7
131
119.4
118.7
127.7
131.5
122
123.8
123.1
126.7
125
127.1
135.7
129.7
136.2
126.7
124.3
122.4
119.1
138.4
121.8
118.1
128.5
121.3
124.4
122.8
131.6
121.1
125.3
120.1
126.6
126.3
126.3
124.2
128.3
126.7
129.4
128.9
132.4
125
125.6
127.5
127.1
128.3
139.3
129
131.4
134
131.5
127.5
133.5
129.3
130.5
133
135.3
138.3
135.7
128.8
132
154.5
139.6
134.8
136.4
138.9
137.7
142.9
133.8
141.1
140.8
148.6
150.8
167.9
175.7
169.6
174.3
182.6
170.6
188.3
67.2
63.1
62.8
93.1
64
64.1
66.7
64.2
63.1
63.9
62.7
62.1
63.6
62.6
65.8
62.7
60.1
58.3
62
60.9
59.3
65.8
64.7
60.6
60.5
63.8
69
57.8
58
62
58
61.5
58.7
58.8
70.3
59.5
62.7
61.8
58.6
58.5
59.9
57.6
57.6
62.1
58
58.6
58.9
58.9
60
62.9
65.3
61.2
61.9
63.5
59
60.1
69.1
68.8
65.4
60
58.6
59.8
66.4
61.5
58.9
59.1
58.8
58.8
61.4
59.7
59.4
70.8
58.9
58.6
63.9
62.2
59.8
59.8
59.1
58.4
60
58
57.6
58.1
58.3
57.9
59.7
58.3
56.7
57
59.5
58.6
62.5
61.8
60.2
59.6
61.4
60.8
59.3
57.8
0
