62.3
49.1
47.7
47.1
47.9
47.5
47.8
46.5
49.1
51.2
47.9
54.9
48.1
48.3
49.4
49.9
50.8
50.2
47.7
49.6
48.8
47.8
48.3
49.5
48.1
48.5
52.7
48.4
48.6
48.2
48.1
47.7
48.7
48.2
51.7
71.3
50.4
49.8
48.6
50.7
49.1
53
48.1
47.2
48.3
47.1
49.3
48.2
47.5
48.9
49.3
47.8
49.2
51.4
50.7
48.4
47.3
49.2
51.8
48.3
48
49.1
48.3
47.6
48.2
47.5
48.2
47.7
47.7
48.3
48.5
47.8
48.8
49.1
48.2
48.9
50.7
48.9
49.7
55.2
48
52.7
57.3
49.6
48.1
47.7
48.4
49.1
48.3
51
51.1
58.6
50.6
47.8
47.9
57.9
49.8
60
48.6
31.2
21.2
20.1
22.6
24.2
21.8
20.7
23.6
22.2
21.1
20.9
21.3
21.1
21.6
20.2
26.6
21.3
20.6
18.8
23.9
18.9
19.3
20.3
20.6
20.8
19.6
25
19.8
19.1
18.3
18.8
19.6
19.1
19.2
20.5
21
19.8
19.8
19.8
18.7
18.9
19
18.7
20.4
18.9
19.3
19.3
19.8
19.9
20.2
20.4
20.6
21.3
20.3
20.5
19.9
20.4
19.5
23.5
19.6
19.2
19.5
19.7
23.2
19.7
20.1
20.2
19.2
20.8
20.6
19.3
19.6
19.4
19.4
19.6
20.9
20
19.7
19.5
20.9
19.6
20.1
20.7
20.5
18.7
19.4
19.6
20
18.5
18.3
18.5
19.8
20.4
19.9
19.8
19.5
19.9
19.4
19.1
19.4
0
